0.139126161505044
0.203376727660815
0.609478829298702
0.432573543501627
0.767664470141939
0.126506006109067
0.269948218930337
0.0688549204994379
0.758157934438398
0.305348269246443
0.522105183001485
0.366147881509688
0.118680039061181
0.370982752566846
0.716962454783608
0.365756431210534
0.276823877687641
0.221154189095426
0.34051865264568
0.341129843699988
0.375287236967521
0.315470366730303
0.401635734555195
0.608297364908539
0.565863094332369
0.465421161359662
0.560891687852633
0.346045913848387
0.5614436599952
0.140102687416161
0.598320837081674
0.0787785636001407
0.496236446055222
0.637806339348086
0.344138063097244
0.155767944755785
0.168322148508166
0.42502384965412
0.661268480197623
0.358745228742297
0.18786671615617
0.392465041446517
0.186146414544864
0.499386656517009
0.277448131849181
0.615994660433812
0.179240046474541
0.261741092504035
0.306329762580215
0.67114074155306
0.625668195672432
0.556071792412447
0.429543372207152
0.367806769960844
0.415150184082937
0.327685959925261
0.391508436491676
0.0746711660396572
0.318869787784023
0.202272300273006
0.339722769691619
0.891539458925136
0.405059810777018
0.346988747979512
0.412783337659775
0.275866156333361
0.596429515377193
0.7134082602795
0.135110243016173
0.0864050922984009
0.262151956949771
0.624417322382
0.19906699516779
0.206807630174531
0.274486780773079
0.266409372756797
0.336992602955938
0.384939195921387
0.366266689274249
0.189346134186972
0.524910297209264
0.357879594287307
0.692250031894668
0.649667031954884
0.338990527741395
0.499611156543175
0.290953194529225
0.392369608029177
0.540590320166735
0.681536101095703
0.173101303329519
0.574973247670784
0.384942012349731
0.258394070035656
0.452183617394354
0.459768124939732
0.327276464791899
0.461730766741065
0.494178537526449
0.0981101523861346
